
1

1 11

14 5

23 23

1 11

14 5

23 23

99 99

1 12

14 5

23 23

1 13

14 5

23 23

1 14

14 5

23 23

1 15

14 5

23 23

1 15

13 5

23 23

1 15

13 5

23 22

1 16

13 5

23 22

1 17

13 5

23 22

1 18

13 5

23 22

1 19

13 5

23 22

1 20

13 5

23 22

1 21

13 5

23 22

1 22

13 5

23 22

1 22

13 5

23 22

33 33

1 22

13 4

23 22

1 22

13 4

23 21

1 22

13 4

23 21

99 99

1 21

13 4

23 21

1 20

13 4

23 21

1 20

13 4

23 21

44 44

1 19

13 4

23 21

1 18

13 4

23 21

1 17

13 4

23 21

1 17

13 3

23 21

1 17

13 3

22 21

1 17

13 3

22 21

33 33

1 17

13 3

22 21

44 44

1 18

13 3

22 21

1 18

13 4

22 21

1 18

13 4

21 21

1 18

13 4

21 21

99 99

1 19

13 4

21 21

1 20

13 4

21 21

1 21

13 4

21 21

1 22

13 4

21 21

1 22

13 5

21 21

1 22

13 5

20 21

1 22

13 5

20 21

33 33

1 22

13 5

20 21

44 44

1 22

14 5

20 21

1 22

14 5

19 21

1 22

14 5

19 21

99 99

1 22

15 5

19 21

1 22

15 5

18 21

1 22

15 5

18 21

33 33
