
1

1 9

14 5

23 23

1 8

14 5

23 23

1 7

14 5

23 23

1 6

14 5

23 23

1 5

14 5

23 23

1 4

14 5

23 23

1 3

14 5

23 23

1 3

13 5

23 23

1 3

13 5

23 22

1 2

13 5

23 22

1 1

13 5

23 22

2 1

13 5

23 22

3 1

13 5

23 22

4 1

13 5

23 22

5 1

13 5

23 22

6 1

13 5

23 22

7 1

13 5

23 22

8 1

13 5

23 22

9 1

13 5

23 22

10 1

13 5

23 22

11 1

13 5

23 22

11 1

14 5

23 22

11 1

14 5

23 21

12 1

14 5

23 21

13 1

14 5

23 21

14 1

14 5

23 21

15 1

14 5

23 21

16 1

14 5

23 21

17 1

14 5

23 21

18 1

14 5

23 21

19 1

14 5

23 21

19 1

14 5

23 21

99 99

18 1

14 5

23 21

18 1

15 5

23 21

18 1

15 5

22 21

17 1

15 5

22 21

16 1

15 5

22 21

15 1

15 5

22 21

14 1

15 5

22 21

13 1

15 5

22 21

12 1

15 5

22 21

11 1

15 5

22 21

11 1

15 5

22 21

33 33

11 1

15 6

22 21

11 1

15 6

21 21

11 1

15 6

21 21

99 99

11 1

15 6

21 21

44 44

10 1

15 6

21 21

9 1

15 6

21 21

8 1

15 6

21 21

7 1

15 6

21 21

7 1

15 7

21 21

7 1

15 7

20 21

6 1

15 7

20 21

5 1

15 7

20 21

4 1

15 7

20 21

3 1

15 7

20 21

3 1

15 7

20 21

33 33

3 1

14 7

20 21

3 1

14 7

19 21

3 1

14 7

19 21

44 44

4 1

14 7

19 21

5 1

14 7

19 21

6 1

14 7

19 21

7 1

14 7

19 21

8 1

14 7

19 21

9 1

14 7

19 21

10 1

14 7

19 21

11 1

14 7

19 21

11 1

13 7

19 21

11 1

13 7

18 21

11 2

13 7

18 21

11 3

13 7

18 21

12 3

13 7

18 21

13 3

13 7

18 21

13 3

12 7

18 21

13 3

12 7

17 21

13 4

12 7

17 21

13 5

12 7

17 21

13 5

12 7

17 21

99 99

13 4

12 7

17 21

13 3

12 7

17 21

13 3

11 7

17 21

13 3

11 7

16 21

12 3

11 7

16 21

11 3

11 7

16 21

11 3

11 7

16 21

33 33

11 3

12 7

16 21

11 3

12 7

15 21

11 3

12 7

15 21

44 44

11 3

12 7

15 21

99 99

12 3

12 7

15 21

13 3

12 7

15 21

13 3

13 7

15 21

13 3

13 7

16 21

13 3

13 7

16 21

33 33
