
1

1 11

14 5

23 23

1 11

14 5

23 23

99 99

1 12

14 5

23 23

1 13

14 5

23 23

1 14

14 5

23 23

1 14

13 5

23 23

1 14

13 5

23 22

1 15

13 5

23 22

1 16

13 5

23 22

1 17

13 5

23 22

1 18

13 5

23 22

1 19

13 5

23 22

1 20

13 5

23 22

1 21

13 5

23 22

1 22

13 5

23 22

1 23

13 5

23 22

1 23

13 5

23 22

33 33

2 23

13 5

23 22

2 23

13 4

23 22

2 23

13 4

23 21

3 23

13 4

23 21

4 23

13 4

23 21

5 23

13 4

23 21

5 23

13 4

23 21

44 44

6 23

13 4

23 21

7 23

13 4

23 21

8 23

13 4

23 21

9 23

13 4

23 21

10 23

13 4

23 21

11 23

13 4

23 21

11 23

13 3

23 21

11 23

13 3

22 21

12 23

13 3

22 21

13 23

13 3

22 21

14 23

13 3

22 21

15 23

13 3

22 21

16 23

13 3

22 21

16 23

13 4

22 21

16 23

13 4

21 21

16 23

13 4

21 21

99 99

15 23

13 4

21 21

14 23

13 4

21 21

13 23

13 4

21 21

12 23

13 4

21 21

11 23

13 4

21 21

10 23

13 4

21 21

9 23

13 4

21 21

9 23

13 5

21 21

9 23

13 5

20 21

9 23

13 5

20 21

33 33

9 23

13 5

20 21

44 44

10 23

13 5

20 21

10 23

13 4

20 21

10 23

13 4

19 21

11 23

13 4

19 21

12 23

13 4

19 21

13 23

13 4

19 21

14 23

13 4

19 21

15 23

13 4

19 21

15 23

13 3

19 21

15 23

13 3

18 21

15 23

13 3

18 21

99 99

14 23

13 3

18 21

13 23

13 3

18 21

12 23

13 3

18 21

11 23

13 3

18 21

10 23

13 3

18 21

9 23

13 3

18 21

9 23

13 4

18 21

9 23

13 4

17 21

9 23

13 4

17 21

33 33

9 23

13 4

17 21

44 44

9 23

13 5

17 21

9 23

13 5

16 21

10 23

13 5

16 21

11 23

13 5

16 21

12 23

13 5

16 21

13 23

13 5

16 21

14 23

13 5

16 21

15 23

13 5

16 21

15 23

14 5

16 21

15 23

14 5

15 21

15 23

15 5

15 21

15 23

15 5

15 22

15 23

15 6

15 22

15 23

15 6

15 23
