
1

1 11

14 5

23 23

1 12

14 5

23 23

1 12

13 5

23 23

1 12

13 5

23 22

1 12

13 5

23 22

99 99

1 13

13 5

23 22

1 14

13 5

23 22

1 15

13 5

23 22

1 16

13 5

23 22

1 17

13 5

23 22

1 18

13 5

23 22

1 19

13 5

23 22

1 20

13 5

23 22

1 20

13 4

23 22

1 20

13 4

23 21

1 20

13 4

23 21

33 33

1 19

13 4

23 21

1 18

13 4

23 21

1 18

13 4

23 21

44 44

1 17

13 4

23 21

1 16

13 4

23 21

1 16

13 3

23 21

1 16

13 3

23 22

1 15

13 3

23 22

1 14

13 3

23 22

1 13

13 3

23 22

1 12

13 3

23 22

1 12

13 3

23 22

99 99

1 11

13 3

23 22

1 10

13 3

23 22

1 9

13 3

23 22

1 9

13 4

23 22

1 9

13 4

23 23

1 8

13 4

23 23

1 7

13 4

23 23

1 7

13 4

23 23

33 33

1 7

13 5

23 23

1 7

13 5

23 22

1 7

13 5

23 22

44 44

1 8

13 5

23 22

1 9

13 5

23 22

1 10

13 5

23 22

1 10

13 5

23 22

99 99

1 11

13 5

23 22

1 11

14 5

23 22

1 11

14 5

23 21

1 12

14 5

23 21

1 13

14 5

23 21

1 14

14 5

23 21

1 15

14 5

23 21

1 16

14 5

23 21

1 17

14 5

23 21

1 18

14 5

23 21

1 19

14 5

23 21

1 20

14 5

23 21

1 21

14 5

23 21

1 21

14 5

23 21

33 33

1 21

15 5

23 21

1 21

15 5

23 22

1 21

15 5

23 22

44 44

1 21

15 6

23 22

1 21

15 6

23 23

1 22

15 6

23 23

1 23

15 6

23 23

2 23

15 6

23 23

3 23

15 6

23 23

4 23

15 6

23 23

5 23

15 6

23 23

6 23

15 6

23 23

7 23

15 6

23 23

7 23

15 7

23 23

7 23

15 7

23 22

8 23

15 7

23 22

8 23

15 7

23 22

99 99

7 23

15 7

23 22

6 23

15 7

23 22

5 23

15 7

23 22

5 23

15 6

23 22

5 23

15 6

23 21

5 23

15 6

23 21

33 33
