
1

1 10

13 5

23 23

1 10

13 5

23 22

1 11

13 5

23 22

1 12

13 5

23 22

1 13

13 5

23 22

1 13

13 5

23 22

99 99

1 14

13 5

23 22

1 15

13 5

23 22

1 16

13 5

23 22

1 17

13 5

23 22

1 18

13 5

23 22

1 19

13 5

23 22

1 20

13 5

23 22

1 20

13 4

23 22

1 20

13 4

23 21

1 21

13 4

23 21

1 22

13 4

23 21

1 23

13 4

23 21

1 23

13 4

23 21

33 33

2 23

13 4

23 21

3 23

13 4

23 21

4 23

13 4

23 21

5 23

13 4

23 21

6 23

13 4

23 21

6 23

13 3

23 21

6 23

13 3

22 21

7 23

13 3

22 21

7 23

13 3

22 21

44 44

8 23

13 3

22 21

9 23

13 3

22 21

10 23

13 3

22 21

11 23

13 3

22 21

12 23

13 3

22 21

13 23

13 3

22 21

14 23

13 3

22 21

15 23

13 3

22 21

16 23

13 3

22 21

17 23

13 3

22 21

18 23

13 3

22 21

18 23

13 4

22 21

18 23

13 4

21 21

19 23

13 4

21 21

20 23

13 4

21 21

21 23

13 4

21 21

21 23

13 4

21 21

99 99

21 23

13 5

21 21

21 23

13 5

20 21

20 23

13 5

20 21

19 23

13 5

20 21

18 23

13 5

20 21

17 23

13 5

20 21

16 23

13 5

20 21

15 23

13 5

20 21

14 23

13 5

20 21

13 23

13 5

20 21

13 23

13 5

20 21

33 33

13 23

14 5

20 21

13 23

14 5

19 21

13 23

14 5

19 21

44 44

13 23

14 5

19 21

99 99

12 23

14 5

19 21

11 23

14 5

19 21

10 23

14 5

19 21

10 23

15 5

19 21

10 23

15 5

18 21

9 23

15 5

18 21

8 23

15 5

18 21

7 23

15 5

18 21

6 23

15 5

18 21

5 23

15 5

18 21

5 23

15 5

18 21

33 33

5 23

14 5

18 21

5 23

14 5

17 21

5 23

14 5

17 21

44 44

6 23

14 5

17 21

7 23

14 5

17 21

8 23

14 5

17 21

9 23

14 5

17 21

10 23

14 5

17 21

10 23

13 5

17 21

10 23

13 5

16 21

11 23

13 5

16 21

12 23

13 5

16 21

13 23

13 5

16 21

14 23

13 5

16 21

15 23

13 5

16 21

15 23

14 5

16 21

15 23

14 5

15 21

15 23

14 5

15 21

99 99

14 23

14 5

15 21

13 23

14 5

15 21

12 23

14 5

15 21

11 23

14 5

15 21

10 23

14 5

15 21

9 23

14 5

15 21

8 23

14 5

15 21

8 23

15 5

15 21

8 23

15 5

15 20

8 23

15 5

15 20

33 33

8 23

15 5

15 20

44 44

8 23

14 5

15 20

8 23

14 5

15 19

9 23

14 5

15 19

10 23

14 5

15 19

11 23

14 5

15 19

12 23

14 5

15 19

13 23

14 5

15 19

14 23

14 5

15 19

15 23

14 5

15 19

15 23

13 5

15 19

15 23

13 5

15 18

15 22

13 5

15 18

15 21

13 5

15 18

15 20

13 5

15 18

15 20

13 4

15 18

15 20

13 4

15 17

15 20

13 4

15 17

99 99

15 19

13 4

15 17

15 19

13 3

15 17

15 19

13 3

15 18

15 19

13 3

15 18

33 33
