
1

1 10

14 5

23 23

99 99

1 10

13 5

23 23

1 10

13 5

23 22

1 11

13 5

23 22

1 12

13 5

23 22

1 13

13 5

23 22

1 14

13 5

23 22

1 15

13 5

23 22

1 16

13 5

23 22

1 17

13 5

23 22

1 18

13 5

23 22

1 19

13 5

23 22

1 20

13 5

23 22

1 20

13 5

23 22

33 33

1 21

13 5

23 22

1 22

13 5

23 22

1 23

13 5

23 22

1 23

13 4

23 22

1 23

13 4

23 21

1 23

13 4

23 21

44 44

1 22

13 4

23 21

1 21

13 4

23 21

1 20

13 4

23 21

1 19

13 4

23 21

1 19

13 3

23 21

1 19

13 3

23 22

1 19

13 3

23 22

99 99

1 18

13 3

23 22

1 17

13 3

23 22

1 16

13 3

23 22

1 15

13 3

23 22

1 14

13 3

23 22

1 13

13 3

23 22

1 13

12 3

23 22

1 13

12 3

23 23

1 13

12 3

23 23

33 33

1 13

12 3

23 23

44 44

1 14

12 3

23 23

1 15

12 3

23 23

1 15

11 3

23 23

1 15

11 3

23 22

1 16

11 3

23 22

1 16

11 3

23 22

99 99

1 17

11 3

23 22

1 18

11 3

23 22

1 19

11 3

23 22

1 20

11 3

23 22

1 20

10 3

23 22

1 20

10 3

23 21

1 20

10 3

23 21

33 33

1 20

10 3

23 21

44 44

1 20

9 3

23 21

1 20

9 3

23 22

1 20

9 3

23 22

99 99

1 19

9 3

23 22

1 18

9 3

23 22

1 17

9 3

23 22

1 16

9 3

23 22

1 16

9 4

23 22

1 16

9 4

23 23

1 16

9 4

23 23

33 33

1 16

9 4

23 23

44 44

1 16

9 5

23 23

1 16

9 5

23 22

1 16

9 5

23 22

99 99

1 17

9 5

23 22

1 18

9 5

23 22

1 19

9 5

23 22

1 20

9 5

23 22

1 21

9 5

23 22

1 21

9 4

23 22

1 21

9 4

23 21

1 21

9 4

23 21

33 33

1 21

9 4

23 21

44 44

1 21

9 3

23 21

1 21

9 3

23 22

1 21

9 3

23 22

99 99

1 21

10 3

23 22

1 21

10 3

23 23

1 21

10 3

23 23

33 33

1 21

10 3

23 23

99 99
