
1

1 11

14 5

23 23

1 12

14 5

23 23

1 12

13 5

23 23

1 12

13 5

23 22

1 13

13 5

23 22

1 14

13 5

23 22

1 15

13 5

23 22

1 15

13 5

23 22

99 99

1 16

13 5

23 22

1 17

13 5

23 22

1 18

13 5

23 22

1 19

13 5

23 22

1 20

13 5

23 22

1 21

13 5

23 22

1 22

13 5

23 22

1 23

13 5

23 22

1 23

14 5

23 22

1 23

14 5

23 21

2 23

14 5

23 21

3 23

14 5

23 21

3 23

14 5

23 21

33 33

4 23

14 5

23 21

5 23

14 5

23 21

6 23

14 5

23 21

7 23

14 5

23 21

8 23

14 5

23 21

9 23

14 5

23 21

10 23

14 5

23 21

11 23

14 5

23 21

12 23

14 5

23 21

13 23

14 5

23 21

14 23

14 5

23 21

15 23

14 5

23 21

15 23

14 5

23 21

44 44

15 23

15 5

23 21

15 23

15 5

22 21

15 23

15 5

22 21

99 99

14 23

15 5

22 21

13 23

15 5

22 21

12 23

15 5

22 21

11 23

15 5

22 21

10 23

15 5

22 21

9 23

15 5

22 21

8 23

15 5

22 21

7 23

15 5

22 21

6 23

15 5

22 21

6 23

15 6

22 21

6 23

15 6

21 21

6 23

15 6

21 21

33 33

7 23

15 6

21 21

7 23

15 6

21 21

44 44

8 23

15 6

21 21

8 23

15 7

21 21

8 23

15 7

20 21

9 23

15 7

20 21

10 23

15 7

20 21

11 23

15 7

20 21

11 23

15 7

20 21

99 99

11 23

15 6

20 21

11 23

15 6

19 21

12 23

15 6

19 21

13 23

15 6

19 21

14 23

15 6

19 21

15 23

15 6

19 21

16 23

15 6

19 21

17 23

15 6

19 21

16 23

15 6

19 21

16 23

15 6

19 21

33 33

16 23

15 5

19 21

16 23

15 5

18 21

16 23

15 5

18 21

44 44

16 23

15 5

18 21

99 99

16 23

14 5

18 21

16 23

14 5

17 21

16 23

14 5

17 21

33 33
