
1

1 11

14 5

23 23

1 12

14 5

23 23

1 13

14 5

23 23

1 14

14 5

23 23

1 15

14 5

23 23

1 16

14 5

23 23

1 17

14 5

23 23

1 17

13 5

23 23

1 17

13 5

23 22

1 18

13 5

23 22

1 19

13 5

23 22

1 20

13 5

23 22

1 21

13 5

23 22

1 22

13 5

23 22

1 23

13 5

23 22

2 23

13 5

23 22

3 23

13 5

23 22

4 23

13 5

23 22

5 23

13 5

23 22

5 23

13 4

23 22

5 23

13 4

23 21

6 23

13 4

23 21

6 23

13 3

23 21

6 23

13 3

22 21

7 23

13 3

22 21

7 22

13 3

22 21

7 21

13 3

22 21

7 20

13 3

22 21

7 19

13 3

22 21

7 19

13 4

22 21

7 19

13 4

21 21

6 19

13 4

21 21

5 19

13 4

21 21

6 19

13 4

21 21

7 19

13 4

21 21

7 19

13 5

21 21

7 19

13 5

20 21

7 19

13 5

20 21

99 99

6 19

13 5

20 21

5 19

13 5

20 21

5 18

13 5

20 21

5 17

13 5

20 21

5 17

14 5

20 21

5 17

14 5

19 21

5 17

14 5

19 21

33 33

5 17

14 5

19 21

44 44

5 17

15 5

19 21

5 17

15 5

18 21

5 17

15 5

18 21

99 99

5 17

15 6

18 21

5 17

15 6

17 21

5 17

15 6

17 21

33 33
